99
-2
1044,9098,7652,6427,7722,5760,5768,706,4538,7406,8872,8341,9337,8520,8991,8082,1605,551,4357,83,3315,2680,3473,3762,2627,4079,4165,1303,1743,1185,2537,5195,2880,403,3189,3198,8365,7669,4463,236,1487,1417,1354,334,7408,8668,4834,7001,2753,3468,5213,3108,1501,2117,1752,7145,5298,206,8893,6905,5537,3726,5067,5071,8997,1283,5364,1149,2068,1859,6655,6028,6698,66,3510,8297,7352,5838,5644,6734,4088,9202,7113,5350,8860,7100,7564,1233,4485,4026,3392,3035,6230,4790,6871,4049,9080,6963,1393
0
0.468154,0
0.399573,0.528867,0
1.38005,0.610719,0.638189,0
0.403449,0.677552,0.378947,0.648258,0
5.12966,5.5629,7.35166,1.82914,6.62543,0
5.10231,5.53359,7.33546,1.80395,6.60941,0.0713598,0
0.525286,0.418664,0.401221,0.677155,0.433479,5.98149,5.96224,0
0.539182,0.842034,0.610902,0.850772,0.355262,6.70636,6.69851,0.743616,0
0.683885,0.528429,0.56694,1.02941,0.506772,5.89579,5.83479,0.569526,0.70093,0
0.705012,0.502077,0.602074,0.991667,0.459234,5.82968,5.77262,0.556403,0.658474,0.0469916,0
0.336198,0.532574,0.42763,0.78524,0.384132,6.08526,6.03141,0.368898,0.568086,0.424374,0.42432,0
0.485095,0.482254,0.513271,0.835222,0.576851,4.94424,4.91135,0.461056,0.782912,0.493957,0.470385,0.452888,0
0.935561,0.48833,0.622783,1.01925,0.427845,4.11215,4.13002,0.504201,0.628927,0.730505,0.705077,0.596821,0.527958,0
0.572283,0.586162,0.401398,1.03803,0.382804,4.53043,4.45396,0.437462,0.576921,0.504262,0.478957,0.371302,0.525007,0.545265,0
0.839469,0.42825,0.48707,1.46792,0.41695,2.70835,2.65031,0.379253,0.629742,0.603049,0.616404,0.345662,0.441163,0.705371,0.532988,0
1.13067,0.587268,0.607154,0.844609,0.428172,3.45896,3.43339,0.46484,0.679005,0.906606,0.93289,0.648643,0.901919,0.805033,0.687458,0.7075,0
0.443038,0.437859,0.44795,0.486458,0.433063,5.39818,5.36011,0.412317,0.703538,0.404594,0.402844,0.336531,0.426985,0.327988,0.306812,0.443928,0.752067,0
0.631397,0.533857,0.59395,0.9323,0.580594,6.92359,6.89542,0.590932,0.79887,0.533404,0.541737,0.499813,0.586133,0.527373,0.621959,0.635059,0.733944,0.396563,0
0.529228,0.391052,0.657104,0.823116,0.842933,4.76541,4.71201,0.406711,0.682029,0.556652,0.540227,0.527724,0.438227,0.548889,0.669645,0.47448,0.715339,0.386416,0.51513,0
0.747371,0.466165,0.721418,1.17209,0.872921,3.26997,3.28954,0.668844,1.03623,0.780901,0.759483,0.618327,0.512724,0.694495,0.75976,0.851206,1.34832,0.410914,0.82201,0.491341,0
0.802913,0.427209,0.548329,1.16506,0.874034,3.53577,3.505,0.635646,0.981885,0.721142,0.680488,0.640264,0.60949,0.786326,0.741786,0.655446,1.35354,0.451789,0.770185,0.444097,0.698827,0
0.735803,0.498777,0.383662,1.33119,0.372356,4.24953,4.23184,0.542541,0.588904,0.619251,0.58425,0.39365,0.423367,0.733007,0.437292,0.736315,1.3581,0.322839,0.751854,0.483036,0.674654,0.764709,0
0.743446,0.748976,0.746205,1.10063,0.638169,4.93197,4.88638,0.918279,0.699234,0.80503,0.732333,0.570714,0.61146,1.04074,0.89045,1.00662,1.0714,0.722646,0.772547,0.700812,0.863416,0.657285,0.993446,0
0.426314,0.611953,0.489453,0.691618,0.432333,7.30029,7.28578,0.480805,0.516281,0.745717,0.729032,0.632694,0.708651,0.622809,0.64319,0.632874,0.707321,0.582983,0.760044,0.685045,0.787223,0.701939,0.491449,0.870126,0
0.76821,0.561755,0.515786,1.10397,0.565452,6.79405,6.78385,0.617725,0.610855,0.544061,0.511724,0.390199,0.472821,0.74063,0.622882,0.756734,1.08056,0.388627,0.602737,0.607593,0.961855,0.855227,0.830019,0.816793,0.613933,0
0.513884,0.664686,0.516442,0.873095,0.701645,6.86922,6.85272,0.565405,0.865194,0.496882,0.456279,0.498991,0.530502,0.63081,0.700653,0.655151,1.04961,0.550253,0.404437,0.631284,0.945293,0.702238,0.584658,0.62218,0.736383,0.496989,0
0.369706,0.468915,0.445982,0.495338,0.30577,7.77033,7.77268,0.488784,0.416582,0.514807,0.498498,0.340264,0.501276,0.481112,0.431536,0.41325,0.50727,0.421379,0.558508,0.538651,0.714387,0.506127,0.377921,0.698402,0.411269,0.592879,0.40418,0
0.610904,0.440115,0.585994,0.928925,0.720021,4.47441,4.45172,0.525395,0.825817,0.618161,0.587275,0.510504,0.506471,0.63621,0.620556,0.638692,0.837448,0.408578,0.594093,0.464878,0.480418,0.574927,0.558099,0.668767,0.639524,0.561382,0.558978,0.504094,0
0.641257,0.533487,0.530174,0.954533,0.395319,5.79478,5.78884,0.499232,0.695003,0.556406,0.586358,0.435053,0.546512,0.547496,0.353677,0.509865,0.52764,0.420284,0.61295,0.522415,0.874587,0.891616,0.679479,0.77095,0.718292,0.707044,0.410584,0.444643,0.521084,0
0.904937,0.637649,0.664608,1.27603,0.954913,3.25205,3.24606,0.882444,0.957983,0.827611,0.804161,0.856242,0.544566,1.01122,0.95029,0.77599,1.20379,0.696216,0.993395,0.628893,0.821613,0.496596,0.882332,0.7219,0.944027,1.08816,0.83766,0.881369,0.725394,0.961654,0
0.839807,0.455861,0.620142,1.11647,0.389482,4.22475,4.29545,0.463939,0.703632,0.844766,0.928635,0.578494,0.88297,0.840239,0.616438,0.962925,0.452964,0.637484,0.469799,0.666138,1.02362,1.28067,1.01928,0.77576,0.671233,1.00033,0.905021,0.480141,0.799287,0.571315,1.09496,0
0.660397,0.556657,0.624407,0.827285,0.578016,5.23234,5.19964,0.580358,0.788348,0.654453,0.672676,0.615435,0.63321,0.770531,0.758427,0.627693,0.82371,0.541255,0.758634,0.526116,0.628791,0.576581,0.607112,0.7482,0.792415,0.814999,0.586147,0.656983,0.403037,0.898989,0.641532,0.810511,0
1.0422,0.539649,0.674241,1.53515,1.02164,2.54547,2.51215,0.803546,1.23486,0.918779,0.880547,0.691392,0.70619,1.01212,1.00244,1.01297,1.25798,0.724693,0.94227,0.779539,0.828042,0.642423,0.879679,0.800517,1.04157,1.02229,0.804203,0.77664,0.623952,0.997193,0.495964,1.45345,0.567561,0
0.570898,0.493236,0.582202,1.00678,0.387154,6.19016,6.10928,0.351178,0.646345,0.652263,0.652768,0.562599,0.540718,0.662534,0.503809,0.603878,0.687582,0.459262,0.636023,0.40288,0.787261,0.700489,0.489394,0.804364,0.57059,0.754038,0.641958,0.510349,0.526854,0.589715,0.851392,0.664105,0.521292,0.929812,0
0.571624,0.564307,0.58069,0.947651,0.435364,6.14101,6.06312,0.377759,0.634661,0.677149,0.684912,0.53084,0.482686,0.600302,0.443444,0.61668,0.573778,0.507052,0.618641,0.46261,0.961101,0.837268,0.504046,0.700384,0.519155,0.695728,0.640736,0.565324,0.594705,0.59132,0.98447,0.599934,0.522568,0.9412,0.19042,0
0.642621,0.555462,0.401698,1.10357,0.297246,4.30817,4.23045,0.444713,0.657296,0.69703,0.692036,0.491803,0.574114,0.798817,0.585049,0.715099,0.837879,0.389793,0.556913,0.615922,0.882511,1.00805,0.719252,0.853095,0.466583,0.73154,0.641722,0.462756,0.721548,0.477178,1.10939,0.673999,0.759372,1.02484,0.49852,0.573785,0
0.489393,0.581302,0.365024,0.814447,0.312467,5.55637,5.50913,0.388184,0.51833,0.445409,0.438584,0.389495,0.437878,0.546852,0.381849,0.427586,0.596603,0.38821,0.661224,0.523965,0.754684,0.664583,0.394902,0.649347,0.644811,0.483394,0.599936,0.434141,0.561709,0.434804,0.826417,0.569946,0.663472,0.828923,0.475344,0.509763,0.515766,0
0.377677,0.552309,0.391512,0.777152,0.290875,7.07572,7.02537,0.418927,0.392577,0.455678,0.412476,0.356686,0.534113,0.519164,0.371936,0.495693,0.50249,0.358956,0.663071,0.7323,0.928529,0.657501,0.389181,0.7069,0.443944,0.421323,0.589655,0.320419,0.767171,0.393172,1.06506,0.554676,0.675192,1.10243,0.506236,0.451365,0.395886,0.353747,0
0.567127,0.486347,0.447425,0.876715,0.602843,7.16214,7.17064,0.421905,0.499429,0.594096,0.574106,0.423328,0.545245,0.678571,0.733983,0.499082,0.697568,0.490672,0.564368,0.441369,0.70071,0.684409,0.609679,0.799373,0.534307,0.561362,0.57301,0.564082,0.414521,0.489376,0.82808,0.648198,0.525194,0.891328,0.503029,0.535098,0.548446,0.520069,0.667106,0
0.955064,1.18543,0.966627,0.925237,0.615314,6.07014,6.10014,0.75992,0.78802,0.837962,0.808465,1.00715,0.755158,0.708951,0.908751,0.967157,0.87352,0.982227,0.928093,1.04132,1.01494,1.10422,0.729782,0.842524,1.01563,0.761762,0.724322,0.924511,1.20176,0.605169,0.720091,1.00899,0.750776,0.870646,0.856833,0.723233,0.725532,0.706205,0.602934,1.05724,0
0.648354,0.672311,0.551903,0.646164,0.3527,6.01414,6.00315,0.476889,0.429853,0.676301,0.667624,0.396317,0.610756,0.561423,0.521761,0.517788,0.569261,0.471689,0.632164,0.712011,0.924092,0.882464,0.514068,0.759466,0.623213,0.650225,0.622682,0.427545,0.742265,0.507362,0.809973,0.660315,0.713083,0.965886,0.4697,0.522099,0.526036,0.371768,0.390892,0.542369,0.457173,0
0.701525,0.425324,0.638801,0.991886,0.622661,3.97788,3.91236,0.455761,0.76762,0.584947,0.563111,0.604084,0.457191,0.594087,0.540015,0.654076,1.12847,0.350572,0.611658,0.398981,0.653949,0.580997,0.528325,0.837216,0.888541,0.637778,0.665216,0.557482,0.437429,0.544223,0.709244,0.982744,0.625224,0.788725,0.555279,0.59746,0.733929,0.550323,0.64506,0.591897,0.843784,0.68945,0
0.699565,0.649285,0.486235,1.32228,0.311232,4.1578,4.17073,0.460571,0.583985,0.674271,0.63417,0.385662,0.57377,0.644131,0.344765,0.635339,0.518254,0.39217,0.546027,0.670237,0.978855,0.895412,0.564466,0.947849,0.506454,0.797254,0.676772,0.373272,0.797766,0.46058,1.12721,0.459621,0.744789,1.14598,0.570877,0.505476,0.46684,0.400521,0.285683,0.61934,0.688383,0.389884,0.684821,0
0.51328,0.529406,0.557487,1.06876,0.743093,4.70098,4.63344,0.709245,0.969743,0.537178,0.519408,0.600286,0.499245,0.592181,0.635039,0.649808,1.06903,0.430934,0.73706,0.55174,0.546287,0.632498,0.472014,0.612762,0.704465,0.57393,0.607051,0.526769,0.563282,0.565784,0.907451,1.10139,0.603771,0.724914,0.6331,0.724513,0.85069,0.691917,0.637883,0.589679,1.01769,0.843271,0.551176,0.838383,0
0.819687,0.700486,0.740486,1.14191,0.615536,5.56463,5.55325,0.810246,0.94592,0.779485,0.791952,0.777479,0.71678,1.04037,1.00108,0.739936,0.890129,0.734981,0.859249,0.735501,0.854757,0.779408,0.986045,0.620513,0.843184,0.610606,0.656942,0.833474,0.4885,0.817904,0.7916,1.04678,0.447367,0.669285,0.725883,0.819132,0.785933,0.748175,0.661376,0.658831,0.762333,0.799373,0.89926,0.814254,0.500069,0
0.747457,0.549356,0.568064,0.887738,0.47991,5.08903,5.02992,0.470988,0.710324,0.610759,0.582442,0.56127,0.490283,0.537992,0.486835,0.601383,0.625073,0.471774,0.601728,0.59224,0.856203,0.668971,0.512714,0.755304,0.742307,0.599124,0.660817,0.432027,0.681403,0.617871,0.841077,0.741194,0.618766,0.930082,0.474596,0.460329,0.525203,0.494646,0.424802,0.589711,0.614987,0.551977,0.564802,0.452138,0.622984,0.724419,0
0.883872,0.430382,0.614928,0.953256,0.599361,7.85777,7.83368,0.488133,0.816316,0.792911,0.767971,0.635353,0.666654,0.665814,0.78148,0.74835,0.644722,0.43465,0.733772,0.465102,0.69432,0.736338,0.978198,0.90406,0.590884,0.788364,0.66291,0.425541,0.54339,0.881134,0.848226,0.709738,0.547625,0.852469,0.671548,0.75898,0.702775,0.735704,0.639591,0.506066,0.880952,0.642489,0.699922,0.659909,0.619699,0.842978,0.554201,0
0.685908,0.565479,0.620566,0.900943,0.673504,4.91465,4.85673,0.547856,0.752734,0.603328,0.596135,0.660954,0.680112,0.784433,0.771856,0.683084,0.967739,0.546384,0.771922,0.471815,0.694822,0.664337,0.726146,0.733871,0.62969,0.821073,0.722969,0.575385,0.37342,0.807986,0.732265,0.954995,0.33753,0.689544,0.58681,0.612061,0.722877,0.750739,0.761841,0.56193,0.958985,0.794987,0.589784,0.831488,0.734863,0.663374,0.799746,0.667875,0
0.654241,0.581326,0.695267,1.33373,0.875732,3.79551,3.70651,0.671871,0.952916,0.737697,0.750013,0.607642,0.697067,0.903186,0.792386,1.01266,1.51608,0.453923,0.792097,0.591391,0.402719,0.683145,0.830781,0.845044,0.883843,0.903595,0.813604,0.711277,0.540545,0.943706,0.808394,1.40294,0.734965,0.760139,0.837631,0.873236,0.909572,0.806353,0.966704,0.678109,1.30188,0.874925,0.703509,1.04807,0.678325,0.898194,0.960103,1.00208,0.775892,0
0.588826,0.566296,0.453975,0.890782,0.35726,3.20789,3.278,0.453092,0.633751,0.613475,0.571812,0.540553,0.568705,0.720718,0.550532,0.713032,0.747019,0.495348,0.671689,0.666726,0.964983,0.716214,0.644159,1.02209,0.554996,0.70818,0.485759,0.328201,0.785974,0.563188,0.820313,0.62096,0.687847,1.08806,0.585985,0.617209,0.538664,0.349225,0.38897,0.523542,0.87526,0.388951,0.811055,0.342351,0.717867,0.814963,0.577017,0.672453,0.800856,1.02008,0
0.639196,0.622931,0.53729,0.578173,0.357022,7.10084,7.08934,0.426514,0.597041,0.600798,0.581913,0.619131,0.522235,0.653455,0.64728,0.665259,0.546767,0.661733,0.851972,0.572651,0.829977,0.751109,0.499538,0.826225,0.52513,0.5787,0.661774,0.456625,0.596306,0.691498,0.913726,0.683146,0.734474,1.07193,0.501298,0.579508,0.596113,0.528183,0.538776,0.529561,0.604827,0.440289,0.693897,0.48338,0.822291,0.771584,0.558329,0.628824,0.807048,0.883996,0.534674,0
0.512275,0.720036,0.475472,0.794648,0.263776,6.11943,6.02205,0.487743,0.599155,0.675849,0.647063,0.4851,0.685002,0.540654,0.496972,0.577957,0.58158,0.559863,0.657218,0.834177,0.986518,1.03956,0.510537,0.732421,0.546465,0.5638,0.662301,0.460874,0.878672,0.514036,0.809464,0.583039,0.776776,0.965772,0.565578,0.526953,0.546154,0.432289,0.347685,0.599787,0.536104,0.450514,0.877386,0.298922,0.916801,0.974945,0.695747,0.783288,0.756879,1.05031,0.324783,0.521851,0
0.659065,0.48946,0.738704,1.15235,0.929264,5.35582,5.32585,0.598688,0.748251,0.576599,0.592285,0.567841,0.624823,0.818829,0.755187,0.609506,1.11706,0.35106,0.591239,0.393917,0.574083,0.555989,0.574542,0.716299,0.701252,0.756408,0.603064,0.651357,0.400363,0.791536,0.697068,0.885727,0.485061,0.764942,0.667974,0.85094,0.926065,0.675623,0.789303,0.543326,1.46148,0.887772,0.538054,0.919253,0.496853,0.630358,0.726558,0.6076,0.524752,0.635116,0.750656,0.849377,1.01073,0
0.699252,0.407238,0.508145,0.964416,0.58216,4.2892,4.21499,0.626496,0.702941,0.511018,0.486545,0.475538,0.45061,0.621996,0.576669,0.673527,0.948812,0.340598,0.683822,0.45063,0.61985,0.406972,0.646955,0.815308,0.66741,0.700149,0.637538,0.515774,0.400246,0.611628,0.636447,0.982333,0.600145,0.671589,0.509307,0.614204,0.888653,0.534241,0.570634,0.514517,1.17808,0.673901,0.498985,0.722488,0.48024,0.823538,0.624,0.646503,0.591254,0.686487,0.809175,0.722064,0.751778,0.508018,0
5.26659,4.53651,4.64786,3.53267,4.43271,2.02731,2.079,4.50175,4.65046,4.46429,4.52436,4.42327,4.38297,4.46126,4.36841,4.75955,4.21841,4.34091,4.67962,4.35172,4.2745,3.99212,4.85183,4.85559,4.68301,4.74824,4.69056,5.13038,4.31642,4.50343,3.71966,4.28002,4.21629,3.47978,4.42363,4.28936,4.27982,4.32219,4.81472,4.87786,4.21778,4.36576,4.18413,4.20685,4.58463,4.4808,4.43857,5.06874,4.31275,4.33025,4.13791,4.64258,4.62653,4.53247,4.38597,0
0.730415,0.422401,0.630196,1.13997,0.604058,2.13548,2.20154,0.503218,0.884281,0.760411,0.726635,0.570017,0.478886,0.881045,0.671476,0.828314,0.982716,0.409208,0.818092,0.474801,0.78655,0.662079,0.852214,0.813405,0.721839,0.600833,0.54301,0.543555,0.533686,0.656322,0.720881,0.9113,0.672908,0.776128,0.615511,0.628645,0.855974,0.651349,0.729019,0.560339,0.89132,0.871471,0.630387,0.850094,0.527259,0.739915,0.656051,0.617991,0.731706,0.921941,0.867237,0.667967,0.865612,0.674139,0.609331,4.32725,0
0.751515,0.55455,0.702194,1.16354,0.894767,7.2953,7.24321,0.618975,0.836628,0.70698,0.74308,0.737163,0.918783,0.865332,0.969221,0.789394,0.836654,0.803206,0.735353,0.591021,0.760864,0.850089,0.947789,0.723882,0.582809,0.587068,0.831453,0.732857,0.540027,0.844826,1.04205,0.871594,0.758138,1.08641,0.67454,0.745742,0.637266,0.829514,0.814419,0.576195,1.22967,0.866634,0.879015,0.81841,0.846963,0.856798,0.871109,0.581693,0.7483,0.749771,0.8121,0.696141,0.907718,0.893458,0.740187,4.94269,0.740629,0
0.818312,0.518846,0.609284,1.01388,0.478909,7.30309,7.29071,0.611058,0.677918,0.878922,0.864048,0.547184,0.614769,0.675377,0.689091,0.646091,0.716441,0.458383,0.379357,0.504579,0.904144,0.866215,0.756147,0.793198,0.698515,0.756005,0.621271,0.585359,0.623746,0.682599,0.928192,0.872157,0.830156,1.0658,0.683232,0.739578,0.528457,0.577079,0.64859,0.597672,0.97344,0.730407,0.744325,0.818555,0.714198,0.88794,0.550066,0.637505,0.815031,0.949431,0.772446,0.803286,0.818683,0.60111,0.746472,5.0394,0.688636,0.736757,0
0.874108,0.687438,0.764121,1.41932,0.592921,1.5644,1.56189,0.651654,0.787967,0.748405,0.765355,0.700231,0.715381,0.785852,0.546002,1.06683,1.07847,0.723886,0.714393,0.679478,0.826564,0.680165,0.82623,0.856878,0.858074,0.994241,0.659336,0.51017,0.741662,0.656997,0.684086,0.762323,0.583037,0.855838,0.835449,0.827394,0.757399,0.785271,0.687153,0.856898,0.481553,0.600655,0.960415,0.646847,0.757594,0.894174,0.922916,0.871272,0.729743,1.00127,0.660367,0.751726,0.50066,0.82489,0.785866,4.26682,0.973588,1.01243,0.961036,0
0.69651,0.421521,0.520133,0.79124,0.545865,5.75042,5.69765,0.441906,0.820172,0.598389,0.580019,0.475016,0.504206,0.572144,0.548464,0.542134,0.593492,0.427031,0.597628,0.399653,0.646447,0.529179,0.620612,0.686071,0.665925,0.591973,0.599684,0.505811,0.49098,0.517584,0.794515,0.666581,0.640488,0.903029,0.430946,0.485298,0.484131,0.473716,0.599411,0.47295,0.68224,0.49837,0.546021,0.567677,0.604625,0.716632,0.584401,0.540714,0.655014,0.579793,0.560857,0.488606,0.648511,0.580961,0.479055,4.42262,0.486987,0.537491,0.666211,0.724254,0
0.639214,0.651591,0.775787,0.969312,0.875738,7.29001,7.28543,0.579009,0.675698,0.714719,0.666684,0.540511,0.742909,0.884642,0.910885,0.638679,0.894364,0.515479,0.685572,0.498578,0.700394,0.81242,0.760846,0.921554,0.571241,0.605663,0.768005,0.666008,0.535743,0.804775,0.874542,0.717477,0.7287,0.978903,0.632609,0.726024,0.672193,0.748569,0.825069,0.371192,1.09124,0.794564,0.600938,0.756262,0.789245,0.885318,0.753677,0.553583,0.648673,0.705968,0.822291,0.709507,0.804121,0.666164,0.59152,5.02783,0.725106,0.601765,0.639458,0.912553,0.687618,0
0.817101,0.402083,0.45398,1.28115,0.425646,2.88876,2.80532,0.446549,0.700835,0.662937,0.627908,0.400099,0.434673,0.695592,0.617013,0.543626,1.0577,0.511428,0.675782,0.527999,0.823534,0.737977,0.708074,0.943139,0.612973,0.763659,0.586401,0.362931,0.608217,0.671335,0.841436,0.913768,0.660113,1.01544,0.642957,0.74195,0.661848,0.464984,0.48673,0.448517,1.0642,0.621712,0.7011,0.665705,0.564356,0.732476,0.59078,0.69586,0.72845,1.00356,0.63331,0.681573,0.59422,0.531608,0.667667,4.57586,0.881737,0.792523,0.588236,1.01503,0.453331,0.662425,0
0.816343,0.43484,0.498873,1.34597,0.352336,2.86577,2.84159,0.463629,0.661996,0.715718,0.706061,0.622653,0.464421,0.598657,0.578563,0.649986,0.869732,0.508996,0.696456,0.520722,0.953072,0.862005,0.681092,1.05972,0.614771,0.781281,0.573946,0.372377,0.614295,0.582164,0.913211,0.865456,0.604245,1.13114,0.61016,0.658051,0.736024,0.452205,0.394441,0.507106,0.952472,0.616427,0.665727,0.557549,0.589911,0.81933,0.589791,0.791049,0.811968,0.973602,0.715026,0.595521,0.585316,0.793371,0.706834,4.69489,0.904066,0.783955,0.595595,1.02379,0.528532,0.789379,0.219785,0
0.72342,0.434784,0.463108,1.24773,0.384402,2.9187,2.88928,0.43252,0.649243,0.652986,0.615461,0.490297,0.47749,0.610175,0.523852,0.567702,0.843607,0.397837,0.589498,0.509377,0.882182,0.806237,0.603899,0.881942,0.581195,0.798541,0.594586,0.397628,0.604607,0.517747,0.946556,0.758183,0.61588,1.00951,0.559424,0.579131,0.555551,0.432956,0.430267,0.501427,1.01556,0.566475,0.602804,0.440251,0.60386,0.79833,0.549991,0.725818,0.753833,0.793995,0.49295,0.560016,0.576597,0.638247,0.715486,4.55056,0.82871,0.772989,0.63509,0.909614,0.573043,0.760766,0.243813,0.198392,0
0.755377,0.466061,0.603226,0.746914,0.702847,3.47618,3.47033,0.498445,0.706186,0.499071,0.503729,0.474954,0.462039,0.405264,0.433867,0.506905,0.668094,0.239523,0.568695,0.427541,0.536823,0.646499,0.5435,0.903692,0.8539,0.698918,0.653931,0.638872,0.53825,0.467095,0.760418,0.912406,0.696081,0.840572,0.407678,0.418174,0.638982,0.54512,0.677399,0.530458,0.750763,0.521351,0.392868,0.580013,0.415587,0.831648,0.513341,0.524399,0.701022,0.650322,0.876166,0.576434,1.12616,0.456646,0.521986,3.83851,0.556252,0.90525,0.602814,0.647843,0.518135,0.660868,0.588831,0.552999,0.556223,0
0.845062,0.405722,0.613674,1.11109,0.536352,2.35324,2.37608,0.46754,0.974667,0.646091,0.65459,0.606776,0.574164,0.861326,0.748186,0.95597,0.747776,0.446703,0.684153,0.410484,0.967947,0.705056,1.02348,0.817311,0.641046,0.649427,0.49594,0.510413,0.478159,0.533719,0.760522,0.620471,0.654464,0.942565,0.642885,0.584029,0.691579,0.578054,0.641778,0.5157,0.771551,0.820354,0.717551,0.551612,0.565855,0.804074,0.709898,0.582316,0.715432,1.0055,0.61689,0.524414,0.802835,0.734335,0.55431,4.32281,0.63709,0.625427,0.663763,1.05368,0.416076,0.677822,0.881886,0.946094,0.75472,0.496225,0
0.589086,0.668134,0.582019,1.53524,0.60746,5.62864,5.56799,0.77003,0.733329,0.636635,0.623331,0.488202,0.68837,0.828959,0.6058,0.864509,1.11361,0.452591,0.807618,0.776175,0.590194,0.669603,0.953984,0.499147,0.697294,0.767822,0.794853,0.590926,0.632505,0.857262,0.64204,0.946141,0.715262,0.79765,0.742192,0.778993,0.667707,0.611352,0.633252,0.650573,1.0083,0.742591,0.715058,0.813859,0.698897,0.76109,0.850011,0.836339,0.654633,0.553613,0.685429,0.708897,0.78877,0.617249,0.721637,5.30219,0.773942,0.724133,0.947061,0.829815,0.574563,0.860673,0.751176,0.894219,0.776717,0.655151,0.73143,0
0.677752,0.506749,0.410808,1.12278,0.534677,6.05488,6.11095,0.601825,0.736115,0.589564,0.548325,0.499845,0.505028,0.609224,0.523181,0.688322,0.903659,0.438258,0.706559,0.58387,0.820153,0.783068,0.57368,0.717056,0.634411,0.805347,0.579093,0.459742,0.701827,0.670669,0.737416,0.743228,0.701491,0.811601,0.718177,0.769081,0.591648,0.548563,0.573874,0.641368,0.932,0.708328,0.800879,0.581388,0.744268,0.889094,0.592911,0.764037,0.721289,0.880289,0.63398,0.719341,0.726632,0.844869,0.67904,4.73967,0.636192,0.755556,0.725197,0.903064,0.535501,0.732089,0.609911,0.704021,0.657508,0.625023,0.732727,0.621996,0
0.502447,0.503507,0.577974,0.963786,0.388895,6.11055,6.11838,0.514706,0.709453,0.560907,0.566091,0.470418,0.710613,0.508502,0.623845,0.821994,0.652941,0.391557,0.649294,0.612688,0.785878,0.763022,0.580101,0.724329,0.510415,0.623209,0.70897,0.413483,0.667271,0.587473,1.07164,0.562636,0.822902,1.11125,0.691946,0.735634,0.553238,0.634249,0.506091,0.609299,0.77193,0.645028,0.727315,0.512761,0.767888,0.823496,0.780198,0.542472,0.758735,0.883448,0.540223,0.527435,0.536756,0.876541,0.75746,4.36129,0.747651,0.784238,0.561503,0.804481,0.496701,0.692245,0.667441,0.623127,0.628432,0.569529,0.573274,0.720257,0.646222,0
0.712902,0.566022,0.635497,1.15289,0.784795,5.94531,5.9428,0.676205,0.839933,0.844295,0.763678,0.691893,0.635833,0.879025,0.810024,0.645462,0.820617,0.582201,0.801042,0.565711,0.733904,0.689358,0.842105,0.589286,0.795056,0.736871,0.643656,0.69528,0.531464,0.693526,0.795543,0.824722,0.523686,0.837805,0.528966,0.665403,0.745848,0.613234,0.869007,0.545628,1.07373,0.745613,0.814434,0.720234,0.664708,0.491005,0.696045,0.738963,0.62117,0.717902,0.763006,0.654749,0.877603,0.63489,0.720701,4.64032,0.620318,0.724701,0.792714,0.89759,0.555938,0.692136,0.653246,0.708593,0.695297,0.756207,0.714664,0.608116,0.77876,0.753103,0
0.493978,0.452801,0.389112,0.709394,0.462285,6.3135,6.25372,0.437019,0.672482,0.684306,0.625433,0.463305,0.592232,0.605862,0.578432,0.576952,0.69845,0.391483,0.603713,0.504643,0.644078,0.789492,0.464613,0.843319,0.471319,0.544771,0.43929,0.402398,0.468582,0.528357,0.755398,0.622838,0.561495,0.862213,0.461688,0.51521,0.433193,0.50743,0.405196,0.418006,0.987,0.590255,0.581358,0.430294,0.593578,0.797473,0.546417,0.56736,0.577825,0.739067,0.594555,0.540656,0.557293,0.618381,0.532839,4.5233,0.686578,0.731288,0.621209,0.736599,0.499404,0.626459,0.500527,0.555521,0.467817,0.571608,0.569664,0.700037,0.611358,0.50806,0.680407,0
0.707849,0.570742,0.635304,1.04038,0.736258,6.69881,6.64671,0.53279,0.86267,0.712391,0.740737,0.532706,0.635771,0.656493,0.76118,0.604044,0.616189,0.584694,0.611806,0.514669,0.676939,0.800738,0.812953,0.910928,0.604027,0.588325,0.685853,0.601183,0.568648,0.726153,0.833863,0.613051,0.7084,0.854419,0.566115,0.523574,0.573444,0.627147,0.664022,0.442663,0.736632,0.699952,0.775015,0.715448,0.650057,0.813648,0.530502,0.468474,0.676044,0.842498,0.702437,0.567652,0.712415,0.7127,0.632888,4.76272,0.602651,0.597646,0.489701,0.872041,0.546591,0.415335,0.658858,0.571631,0.609144,0.642093,0.642189,0.815787,0.639413,0.640894,0.643102,0.571059,0
0.634067,0.41218,0.650398,0.979665,0.908558,5.02713,4.9714,0.414846,0.741605,0.639769,0.628306,0.623789,0.457398,0.702346,0.726565,0.583384,0.736263,0.402252,0.617369,0.248629,0.485801,0.555324,0.578137,0.733965,0.763461,0.616939,0.625525,0.611589,0.35288,0.592168,0.780402,0.679142,0.544237,0.748096,0.422065,0.494194,0.703071,0.634527,0.825191,0.453538,1.25522,0.803102,0.433224,0.69767,0.529373,0.725431,0.66204,0.548988,0.512414,0.617141,0.643279,0.596368,0.92198,0.359698,0.507275,4.61583,0.548295,0.659826,0.586602,0.775837,0.473645,0.634029,0.532545,0.506974,0.500762,0.482906,0.477051,0.662203,0.61931,0.822215,0.617363,0.501609,0.567107,0
0.500621,0.540079,0.697228,1.38433,0.733671,5.77975,5.72304,0.824783,0.856254,0.812681,0.822642,0.583175,0.674069,0.902191,0.649922,0.826802,1.24639,0.440826,0.870814,0.592363,0.655997,0.85216,0.877953,0.792878,0.702761,0.91561,0.952046,0.598836,0.612118,0.893709,0.892422,1.17609,0.806141,1.01042,0.794961,0.800463,0.702686,0.633672,0.637347,0.623919,1.66007,1.01636,0.592171,0.857906,0.578924,0.847106,0.81843,0.760704,0.794428,0.588093,0.874763,1.01062,1.20868,0.582362,0.682627,5.15176,0.71479,0.789263,0.923073,0.811169,0.703149,0.792258,0.796807,0.745854,0.664927,0.687179,0.841752,0.657314,0.784864,0.630552,0.661053,0.633324,0.820451,0.521662,0
1.81725,0.897128,0.848581,1.86581,1.1746,1.74475,1.75137,0.988286,1.24202,1.17248,1.14377,0.9949,0.890021,1.61436,1.25911,1.51488,1.43206,0.919135,1.10367,1.16951,1.36657,1.15811,1.5141,1.2102,0.919491,1.17092,1.04496,0.816528,1.17479,1.44056,0.9891,1.21562,0.748371,0.621103,0.93704,1.08227,1.0548,1.00444,1.13316,1.27226,1.10197,1.23386,1.2955,1.17094,1.52232,1.00895,1.1707,1.29731,0.898295,1.62121,1.3492,1.07237,1.29183,1.14693,1.45004,4.08198,1.58552,1.44534,1.14182,1.87388,1.23418,1.25792,2.1169,2.22652,1.89793,1.07108,1.4336,1.12359,1.13272,1.23045,1.27641,1.0828,0.902123,1.13788,1.61574,0
0.711122,0.551068,0.559974,0.997162,0.5697,5.9059,5.80442,0.59466,0.716789,0.25611,0.239037,0.441164,0.539822,0.827134,0.620713,0.577057,1.00818,0.359269,0.565296,0.653341,0.795683,0.763202,0.613759,0.759311,0.716839,0.497067,0.460108,0.651721,0.54378,0.635553,0.633015,0.878356,0.652947,0.77157,0.670711,0.663328,0.683318,0.491102,0.541883,0.536237,0.801271,0.626575,0.603072,0.714658,0.603512,0.80259,0.724158,0.718715,0.57701,0.738181,0.588127,0.572493,0.672472,0.60646,0.460259,4.36943,0.625697,0.764119,0.772296,0.718755,0.534849,0.645743,0.572988,0.699944,0.683213,0.586344,0.719314,0.651802,0.569595,0.618692,0.757737,0.566229,0.756103,0.669175,0.844592,0.944747,0
0.559627,0.409828,0.610193,0.810468,0.793515,5.11114,5.05866,0.492559,0.929905,0.578459,0.572672,0.487165,0.511488,0.617073,0.647901,0.56775,1.05434,0.434116,0.625349,0.401396,0.459359,0.502751,0.458034,0.59213,0.819293,0.632655,0.667106,0.788699,0.407778,0.641974,0.530095,0.885416,0.52529,0.622115,0.571858,0.658085,0.612851,0.619799,0.783293,0.559281,1.34886,0.691304,0.498439,0.729372,0.538244,0.68356,0.670689,0.562598,0.553603,0.475713,0.749136,0.86207,1.04577,0.451526,0.411835,4.49958,0.517657,0.65509,0.757946,0.747034,0.403925,0.653232,0.577524,0.586782,0.556572,0.458534,0.655334,0.722069,0.630896,0.74519,0.47218,0.541707,0.670383,0.450871,0.600374,0.908978,0.592478,0
0.320054,0.708324,0.408206,0.403293,0.329893,7.44629,7.41346,0.583885,0.307715,0.488789,0.504313,0.33164,0.631827,0.482911,0.422748,0.469943,0.454986,0.416713,0.615477,0.738379,0.602168,0.519647,0.396545,0.753507,0.388529,0.398328,0.461441,0.388402,0.528342,0.63179,0.779139,0.418293,0.703925,0.925933,0.665982,0.645216,0.433236,0.452674,0.315241,0.700522,1.00325,0.352074,0.644638,0.385157,0.891332,0.719099,0.507284,0.518809,0.577287,0.763508,0.368199,0.460482,0.35764,0.612868,0.436351,4.79556,0.602611,0.77304,0.542477,0.703717,0.679345,0.825767,0.515917,0.475079,0.529023,0.587554,0.607864,0.642868,0.542698,0.368701,0.743398,0.384781,0.84373,0.933117,0.516039,0.90479,0.54608,0.775771,0
0.646146,0.593978,0.633114,1.17496,0.646652,5.71913,5.703,0.64207,0.873898,0.752158,0.743953,0.572727,0.60293,0.900548,0.720849,0.658752,0.804866,0.470572,0.74531,0.608415,0.821983,0.767678,0.87667,0.655156,0.674875,0.742032,0.664633,0.570416,0.504498,0.673764,0.871061,0.918456,0.440944,0.761018,0.649749,0.648898,0.6954,0.58783,0.635044,0.576166,1.01829,0.72636,0.708801,0.812456,0.594031,0.424945,0.639755,0.712479,0.604928,0.794208,0.64599,0.672289,0.88921,0.528038,0.707098,4.56948,0.615218,0.679624,0.849679,0.788731,0.583218,0.772617,0.637798,0.708351,0.65806,0.623142,0.690963,0.603989,0.813844,0.800231,0.458452,0.690411,0.715038,0.528588,0.604827,1.15012,0.675338,0.571389,0.471687,0
0.629633,0.774404,0.621104,0.813498,0.443762,7.51608,7.49489,0.54811,0.547913,0.624243,0.662791,0.667263,0.616379,0.624065,0.711864,0.694705,0.663227,0.71696,0.632529,0.623893,0.941979,0.952646,0.490083,0.759342,0.668112,0.650257,0.77352,0.504181,0.774587,0.670775,1.11149,0.773275,0.953026,1.22219,0.540998,0.50018,0.582464,0.61025,0.648918,0.682185,0.747355,0.528329,0.786021,0.567257,0.951278,0.958372,0.550803,0.686896,0.948852,1.02624,0.763944,0.429532,0.569419,0.824499,0.769271,4.83617,0.864403,0.757911,0.563652,0.84127,0.598071,0.674182,0.829005,0.73988,0.650004,0.738744,0.744092,0.814783,0.78328,0.500598,0.798792,0.573448,0.661808,0.685361,0.985986,1.12825,0.648976,0.903453,0.577377,0.813851,0
0.726363,0.487177,0.586173,1.24273,0.534349,5.10306,4.95566,0.803186,0.800561,0.741598,0.715167,0.600317,0.668857,0.713598,0.634549,0.932927,1.07159,0.437567,0.690203,0.617632,0.880818,0.907202,0.781089,0.827255,0.697984,0.880316,0.51725,0.660188,0.786454,0.761206,0.78799,0.999758,0.597196,0.754949,0.797782,0.78335,0.921084,0.637358,0.504012,0.775801,0.600778,0.463656,0.746823,0.918805,0.500459,0.686637,0.626269,0.926647,0.717589,0.959382,0.759119,0.704192,0.638323,0.650556,0.794089,4.55335,0.98591,1.10461,0.808851,0.794143,0.713506,1.03552,0.926753,0.835059,0.849101,0.631387,0.868237,0.735515,0.851737,0.676778,0.694147,0.628463,1.03501,0.797868,0.833226,1.22093,0.749634,0.578782,0.551139,0.510134,0.711052,0
0.761599,0.432066,0.544659,0.991664,0.582743,3.47884,3.44746,0.508071,0.802819,0.658487,0.640481,0.413092,0.488635,0.610005,0.540156,0.76188,0.933017,0.343737,0.638783,0.435064,0.669133,0.720094,0.61609,0.919028,0.711944,0.716331,0.66559,0.519256,0.472087,0.60589,0.760481,0.864682,0.632145,0.916552,0.63933,0.679801,0.678091,0.50584,0.594926,0.611391,0.939747,0.542757,0.517725,0.604013,0.63289,0.943837,0.622321,0.714137,0.638305,0.762497,0.860338,0.602596,0.662311,0.530536,0.637672,4.03402,0.841697,0.844761,0.739759,0.801219,0.537695,0.680569,0.639085,0.627807,0.536355,0.393392,0.745325,0.717766,0.671515,0.690679,0.818804,0.499249,0.598734,0.53993,0.653063,1.18978,0.605681,0.441159,0.465928,0.745235,0.698521,0.662397,0
0.986289,0.440674,0.656954,1.09459,0.579897,2.2149,2.27751,0.460246,0.880221,0.690016,0.604265,0.601443,0.58642,0.758985,0.683675,0.721869,0.688424,0.45456,0.757318,0.511765,1.07296,0.759531,1.11173,0.884237,0.742804,0.583031,0.408248,0.509725,0.48945,0.470234,0.846002,0.797444,0.679062,0.963697,0.653401,0.602587,0.706361,0.540661,0.63362,0.437612,0.774588,0.641611,0.7394,0.592773,0.556162,0.732025,0.565799,0.565686,0.732291,1.18619,0.63989,0.577988,0.714224,0.766737,0.510415,4.229,0.625216,0.678377,0.610016,0.986945,0.510588,0.648574,0.766286,0.772187,0.66155,0.471649,0.352069,0.910319,0.689811,0.620259,0.744816,0.552376,0.562981,0.55468,0.957321,1.34158,0.663189,0.604576,0.551112,0.71987,0.762717,0.917486,0.656803,0
0.529918,0.665653,0.490652,0.510544,0.397953,6.71424,6.7258,0.433742,0.331551,0.514143,0.496083,0.358887,0.643967,0.54447,0.398032,0.528359,0.521574,0.447326,0.727121,0.708862,0.942575,0.735272,0.446603,0.721664,0.665879,0.460519,0.742573,0.512401,0.73368,0.536156,0.918054,0.437936,0.883013,1.07583,0.504846,0.463859,0.566719,0.350691,0.35577,0.540915,0.65682,0.401928,0.626401,0.438294,0.816304,0.907651,0.471292,0.610204,0.766027,0.98416,0.499802,0.409931,0.45854,0.946985,0.537728,4.48693,0.665259,0.955124,0.686083,0.716195,0.58754,0.665396,0.591158,0.588065,0.498163,0.611873,0.689772,0.628409,0.575337,0.51472,0.867164,0.556251,0.717286,0.722735,0.800458,1.15091,0.514238,0.802713,0.498497,0.702426,0.531354,0.635895,0.538834,0.596875,0
0.749059,0.797625,0.754078,1.50077,0.844544,4.64912,4.58366,1.0871,0.970144,0.931636,0.982185,0.682031,0.754555,1.10136,0.823444,1.18739,1.11667,0.633246,0.793965,1.11189,1.05632,1.01964,0.992194,0.785749,0.789907,1.07502,0.710548,0.657436,0.868173,0.846028,1.011,1.29175,0.744721,0.980897,1.04355,1.03203,1.05643,0.826282,0.84739,0.920519,0.678676,0.795098,0.994497,1.11226,0.658695,0.868572,0.725195,1.46294,0.859693,0.981399,0.908324,0.905359,1.04825,0.762738,1.12035,4.70855,1.13988,1.33266,0.955938,1.03494,0.931424,1.0969,1.12208,1.21391,1.05904,0.825311,1.2432,0.608169,1.04694,0.933854,0.984515,0.810804,1.12648,0.974929,0.913236,1.60659,0.959284,0.948403,0.680487,0.86644,0.731556,0.685586,0.796113,1.17455,0.84711,0
0.508604,0.453712,0.48735,0.737031,0.673616,4.58192,4.60831,0.620037,0.812544,0.40463,0.396175,0.52412,0.370813,0.618483,0.553055,0.587784,1.16514,0.368192,0.629185,0.53248,0.514986,0.561143,0.410643,0.56714,0.7309,0.509022,0.538872,0.497246,0.528552,0.496929,0.782524,0.95793,0.680049,0.833151,0.564518,0.615438,0.861792,0.52719,0.55653,0.606291,1.0786,0.743434,0.449256,0.792182,0.308757,0.65991,0.54157,0.547527,0.703063,0.64226,0.64724,0.747025,0.783062,0.500786,0.388919,4.3509,0.429095,0.771323,0.627774,0.635237,0.624832,0.753604,0.519911,0.459748,0.555323,0.368948,0.519897,0.721255,0.686934,0.817474,0.677749,0.528488,0.633152,0.503249,0.515818,1.57076,0.44885,0.431124,0.752518,0.613686,0.846598,0.520485,0.562184,0.505277,0.606624,0.842366,0
0.504451,0.646372,0.442944,0.71487,0.349415,6.60348,6.54958,0.432462,0.539848,0.629342,0.647682,0.301885,0.541327,0.503153,0.405568,0.290456,0.548286,0.463245,0.569971,0.54961,0.976637,0.789309,0.543039,0.660373,0.576434,0.570721,0.529639,0.44221,0.647378,0.36913,0.964956,0.663328,0.677728,1.00635,0.414623,0.500773,0.375719,0.268738,0.423755,0.463699,0.73386,0.337109,0.626655,0.321366,0.608512,0.704446,0.467456,0.577357,0.794847,0.716163,0.346144,0.502312,0.48713,0.615323,0.687645,4.51855,0.562094,0.779187,0.487553,0.870335,0.476462,0.694379,0.456814,0.489731,0.439191,0.501327,0.455747,0.735592,0.581283,0.549034,0.547235,0.459342,0.540807,0.581783,0.982869,1.09323,0.587657,0.569153,0.438635,0.675575,0.656555,0.751859,0.665757,0.500319,0.382479,0.816173,0.522986,0
0.44075,0.630929,0.423332,0.744101,0.277716,7.19659,7.16442,0.476921,0.491692,0.502295,0.511164,0.398326,0.667524,0.534864,0.393983,0.522264,0.5022,0.373154,0.611642,0.760189,0.905298,0.716735,0.419765,0.70605,0.489676,0.466315,0.653623,0.355998,0.713528,0.504775,0.979518,0.476399,0.731465,1.14201,0.590136,0.609887,0.427174,0.412407,0.154404,0.712469,0.786114,0.403375,0.691016,0.406658,0.792718,0.742375,0.548065,0.546469,0.765429,0.868839,0.437611,0.511262,0.354521,0.829237,0.555129,4.71568,0.846961,0.93029,0.654786,0.815109,0.565562,0.812749,0.584292,0.512878,0.484851,0.713088,0.778614,0.634076,0.597491,0.514111,0.91467,0.425586,0.682012,0.898704,0.674916,1.20486,0.555858,0.774037,0.347987,0.656578,0.67467,0.586654,0.630026,0.677389,0.324294,0.811979,0.729967,0.387508,0
0.660426,0.774213,0.543108,0.756972,0.341816,7.30192,7.30874,0.629889,0.530812,0.678275,0.717508,0.578363,0.614928,0.543981,0.61814,0.608698,0.65828,0.659211,0.514944,0.685616,0.927953,0.946548,0.435417,0.783677,0.616788,0.693136,0.601859,0.38846,0.748617,0.56027,0.925523,0.781312,0.874201,1.12832,0.570841,0.604299,0.512976,0.547426,0.598152,0.572618,0.485476,0.501478,0.776235,0.528406,0.885323,0.843667,0.479306,0.628248,0.871875,0.952811,0.533035,0.529415,0.542788,0.848585,0.793565,4.79211,0.766336,0.76659,0.687817,0.729148,0.565586,0.752741,0.720297,0.702053,0.613417,0.691071,0.689132,0.741143,0.798391,0.487013,0.726623,0.581828,0.642418,0.713935,1.09639,1.25257,0.691525,0.935358,0.529011,0.802503,0.390509,0.638255,0.731544,0.705056,0.387888,0.656495,0.851766,0.567715,0.574232,0
0.52946,0.451987,0.512576,0.781456,0.356149,7.66803,7.68029,0.475532,0.475032,0.691455,0.716391,0.453007,0.582762,0.504628,0.545893,0.667589,0.43157,0.47381,0.531141,0.483988,0.73862,0.970356,0.679539,0.828803,0.400603,0.665634,0.657654,0.477758,0.557564,0.508626,1.14791,0.362938,0.801798,0.994776,0.541425,0.522791,0.453971,0.579916,0.420624,0.469695,0.839622,0.572016,0.655912,0.579302,0.689775,0.982876,0.553097,0.422207,0.761355,0.827679,0.586099,0.492667,0.452246,0.835364,0.698135,4.91879,0.596302,0.61295,0.646953,0.642989,0.660369,0.497902,0.622422,0.572085,0.528001,0.538975,0.537373,0.934905,0.612657,0.426613,0.930543,0.488108,0.536481,0.643814,0.983089,1.26138,0.817179,0.669635,0.479291,0.951005,0.531264,1.02349,0.679165,0.480254,0.552318,1.08536,0.661264,0.482995,0.422082,0.376085,0
0.658711,0.655839,0.484074,0.626399,0.3115,7.46618,7.4416,0.430768,0.601054,0.645177,0.631194,0.456947,0.672748,0.6771,0.570208,0.615106,0.652062,0.557762,0.647948,0.7057,0.826907,0.799253,0.516375,0.86722,0.572558,0.568681,0.567276,0.408132,0.779858,0.656875,0.930096,0.616775,0.813787,1.15347,0.55417,0.51083,0.491521,0.527493,0.429824,0.636989,0.587462,0.467787,0.667289,0.297859,0.955461,0.838167,0.549092,0.516457,0.852277,0.888959,0.519134,0.452854,0.468593,1.05267,0.678768,4.74598,0.564739,0.79244,0.744774,0.661549,0.490747,0.756907,0.631835,0.686307,0.622196,0.656008,0.561488,0.725369,0.605085,0.487212,0.724339,0.580697,0.629328,0.729672,0.968015,1.05256,0.640251,0.874937,0.289655,0.803358,0.462058,0.81621,0.610904,0.518822,0.454934,0.927203,0.779956,0.50348,0.51499,0.493607,0.389652,0
0.858208,0.405845,0.432144,0.8505,0.59263,4.78765,4.75269,0.61987,0.814823,0.674893,0.628879,0.470289,0.507218,0.584975,0.566153,0.764509,0.982408,0.336179,0.69392,0.666464,0.88193,0.85489,0.69057,0.912524,0.725371,0.817052,0.567964,0.474112,0.682359,0.630867,0.982815,0.898069,0.666721,0.888835,0.648591,0.6436,0.814826,0.519471,0.546816,0.729965,0.806499,0.635253,0.631905,0.778199,0.438849,0.983043,0.524756,0.941809,0.69778,0.857882,0.814224,0.689909,0.797469,0.631552,0.713499,4.40133,0.817999,1.00696,0.799715,0.752206,0.521415,0.932594,0.775207,0.817084,0.805574,0.491109,0.880689,0.822029,0.652566,0.673466,0.857667,0.549817,0.674948,0.68242,0.880517,1.50612,0.714003,0.560082,0.477767,0.814508,0.832514,0.778783,0.577415,0.895273,0.585168,0.974227,0.381802,0.704176,0.627567,0.87578,0.705555,0.731452,0
0.610593,0.382823,0.359151,0.927428,0.480704,5.1737,5.09026,0.482994,0.726679,0.648534,0.615824,0.371874,0.386685,0.528153,0.416411,0.443998,0.921301,0.36831,0.473066,0.560978,0.690992,0.559506,0.454247,0.813258,0.627665,0.640612,0.497074,0.398772,0.570973,0.582717,0.607697,0.772613,0.607257,0.685696,0.514213,0.557832,0.562466,0.45418,0.449208,0.509354,0.834153,0.519226,0.622697,0.649022,0.47609,0.635496,0.386204,0.718104,0.551511,0.663524,0.411748,0.608102,0.637189,0.56641,0.516247,4.42437,0.601842,0.848732,0.52123,0.672908,0.479523,0.703932,0.425487,0.488944,0.446978,0.476344,0.689978,0.689222,0.5586,0.70577,0.60768,0.453946,0.634819,0.534698,0.6656,0.941399,0.598063,0.44818,0.521007,0.53474,0.659075,0.518744,0.587716,0.639211,0.526715,0.75335,0.490301,0.467642,0.479418,0.576931,0.632976,0.610826,0.413096,0
0.720211,0.418979,0.795524,0.842753,0.526163,7.393,7.38422,0.491283,0.713092,0.825205,0.850635,0.607046,0.773626,0.617104,0.815406,0.828168,0.597854,0.50141,0.739898,0.38664,0.780495,0.683623,0.811777,0.872813,0.640086,0.762927,0.844716,0.428708,0.470372,0.697737,0.782582,0.633395,0.610071,0.992126,0.646621,0.73438,0.661736,0.633628,0.690284,0.512151,0.800796,0.68793,0.821087,0.681006,0.866577,0.813756,0.578611,0.423809,0.59103,0.948041,0.671553,0.459738,0.587698,0.608229,0.560413,5.02536,0.598224,0.519087,0.661265,0.786683,0.495358,0.499928,0.745052,0.715364,0.711983,0.540507,0.572338,0.77146,0.693034,0.69134,0.667229,0.643896,0.466378,0.479665,0.61748,1.24457,0.855455,0.598911,0.737612,0.573938,0.616942,1.03295,0.785391,0.531658,0.64433,1.2258,0.902583,0.689852,0.757839,0.609304,0.511509,0.57621,0.775381,0.816945,0
0.523807,0.607625,0.436134,1.02455,0.585044,6.87558,6.85381,0.587209,0.665613,0.512971,0.490429,0.487628,0.497678,0.809602,0.7439,0.534457,1.12318,0.547108,0.536545,0.605936,0.857733,0.640394,0.683811,0.553363,0.592788,0.377084,0.436523,0.607376,0.589209,0.513325,0.900292,1.02885,0.685444,0.843828,0.641854,0.615919,0.475899,0.526487,0.631063,0.565104,0.984697,0.784413,0.585774,0.882807,0.555776,0.72083,0.686991,0.720262,0.712689,0.642407,0.682791,0.653299,0.799215,0.659594,0.613751,5.22143,0.604245,0.732749,0.664206,0.956983,0.575822,0.517568,0.478463,0.697882,0.767723,0.799,0.664679,0.714823,0.555159,0.752818,0.591989,0.498188,0.610609,0.615724,0.881092,1.00507,0.508714,0.640174,0.482906,0.664446,0.779968,0.709503,0.726224,0.617607,0.629688,0.919882,0.423386,0.503391,0.629729,0.815351,0.664427,0.750235,0.702615,0.538558,0.786722,0
1.53561,1.39743,1.26367,1.03539,0.930992,1.45023,1.43932,1.7296,1.02602,1.12586,1.01826,1.24752,1.40052,1.86728,1.73436,1.67762,1.35462,1.4642,1.07383,1.44432,1.64838,1.18553,1.63133,1.01823,1.22057,1.15415,0.856508,0.831024,1.44411,1.42935,1.02863,1.29576,1.23507,1.00134,1.28985,1.25017,1.31178,1.24479,1.20786,1.38286,0.773907,1.04826,1.75732,1.67345,1.64626,1.22927,1.41108,1.71776,1.1529,1.66008,0.993834,1.03489,1.14734,1.1679,1.49562,3.14195,1.68926,1.61633,1.25401,1.27699,1.63886,1.43287,1.65155,1.86459,1.66738,1.64252,1.74707,1.0762,1.17702,1.29223,1.23845,1.36585,1.24903,1.43978,1.73066,1.67451,0.99489,1.45591,1.24958,1.16854,1.22535,1.20214,1.46494,1.87021,1.36106,1.22409,1.47925,1.35746,1.11232,1.03296,1.48162,1.20473,1.15591,1.29973,1.63427,1.15739,0
0.456175,0.68042,0.500334,0.616241,0.471061,7.03884,7.03181,0.428809,0.522226,0.477946,0.453644,0.444702,0.569757,0.673346,0.568047,0.530722,0.436042,0.534439,0.601451,0.709516,0.903981,0.813181,0.406513,0.785564,0.518152,0.42451,0.566251,0.435092,0.799126,0.621444,0.661112,0.513283,0.669359,1.06998,0.522688,0.498484,0.537733,0.410607,0.400562,0.637198,0.654353,0.448766,0.66283,0.547648,0.745549,0.687936,0.445221,0.56992,0.709619,0.882561,0.414632,0.490855,0.422904,0.944381,0.664485,4.45462,0.64245,0.761541,0.697138,0.800094,0.57558,0.759056,0.502713,0.452383,0.407491,0.770127,0.694546,0.600308,0.672267,0.575068,0.834512,0.508831,0.679846,0.761679,0.958198,1.11193,0.491939,0.842846,0.425394,0.732948,0.530075,0.550705,0.686016,0.617454,0.449513,0.722431,0.648899,0.473203,0.326116,0.521631,0.592986,0.431646,0.718675,0.465987,0.583666,0.546308,0.993903,0
0.652389,0.914162,0.595893,0.625232,0.259922,6.36588,6.40049,0.450996,0.268698,0.613204,0.581845,0.476065,0.528654,0.584768,0.466658,0.54907,0.48114,0.627095,0.692292,0.650948,0.872395,0.939932,0.524875,0.598567,0.544241,0.60345,0.720821,0.453301,0.887724,0.444866,0.801098,0.574704,0.769066,1.01221,0.537003,0.474563,0.471804,0.416043,0.417873,0.587362,0.416626,0.333284,0.691706,0.450405,1.05791,0.767523,0.50619,0.660574,0.876119,0.877464,0.59483,0.471573,0.389915,0.85704,0.687788,4.50324,0.670249,0.809208,0.703163,0.529275,0.572031,0.847083,0.578783,0.577115,0.534766,0.667729,0.766605,0.811181,0.626889,0.452395,0.734259,0.626168,0.791054,0.782222,0.967367,1.12848,0.587482,0.929421,0.493266,0.788248,0.379196,0.528778,0.636581,0.784426,0.349753,0.758882,0.823141,0.484643,0.387731,0.375313,0.435644,0.441069,0.686966,0.669463,0.633569,0.775313,0.881881,0.488506,0
