Initialization Method = AP Clustering
user set the minimum all contribution value = 0.5

Iter No. 1 initial clustering center:
	Center No. 1 = 7722		Contribution = 0.646465
	Center No. 2 = 3726		Contribution = 0.0909091
Iter No. 1 All Contributions = 0.737374


Initialization Means = 
{
		7722, 0.475293, 0.608642, 0.438327, 0.520488, 0.489174, 0.594311, 0.500096, 0.490957, 0.545067, 0.437856, 0.678104, 0.657, 0.569222, 0.53381, 0.549993, 0.579986, 0.59535, 0.488437, 0.633296, 0.606092, 0.485167, 0.406621, 0.677032, 0.696379, 1, 0.914166, 0.788547, 0.885707, 0.801849, 0.923216, 0.769524, 0.695693, 0.540015, 0.476549, 0.533441, 0.617776, 0.391177, 0.27098, 0.132916, 0.235121, 0.247523, 0.167794, 0.157138, 0.120215, 0.0224834, 0.114253, 0.0925444, 0.102673, 0.249225, 0.139446, 0.195163, 0.111154, 0.094448, 0.098265, 0.0593335, 0.12816, 0.122524, 0.147377, 0.0904955, 0.115382, 0.112952, 0.0860431, 0.0850384, 0.0294659, 0.0192586, 0.000794065, 0, 0, 0, 0, 0, 0, 0, 0, 0, 0, 0, 0, 0, 0, 0, 0, 0, 0, 0, 0, 0, 0, 0, 0, 0, 0, 0, 0, 0, 0, 0, 0, 0, 0
		3726, 0.285918, 0.390598, 0.5406, 0.846412, 0.935399, 0.83894, 0.691083, 0.62303, 0.685026, 0.793926, 0.817786, 0.887375, 0.815222, 0.784639, 0.852041, 0.656752, 0.671538, 0.671245, 0.934642, 0.765808, 0.920183, 0.632165, 0.669846, 0.438673, 0.372907, 0.429093, 0.538113, 0.740588, 0.458031, 0.49046, 0.23233, 0.130218, 0.195091, 0.253402, 0.168278, 0.180953, 0.177413, 0.408662, 0.328181, 0.503538, 0.577248, 0.518556, 0.400065, 0.379946, 0.0250993, 0.375271, 0.0421506, 0, 0, 0.0161135, 0.0600503, 0.10132, 0.171574, 0.184006, 0.398435, 0.157048, 0.0138502, 0.0405931, 0.0672983, 0.00924676, 0.0412105, 0.015471, 0.00578813, 0, 0, 0, 0.00431211, 0.00415965, 0.00172264, 0.00259784, 0, 0, 0, 0, 0, 0, 0, 0, 0, 0, 0, 0, 0, 0, 0, 0, 0, 0, 0, 0, 0, 0, 0, 0, 0, 0, 0, 0, 0, 0
}
initialization silhouette evaluation = -0.0135007

Iteration No. 1 Means = 
{
		551, 0.329334, 0.352137, 0.263883, 0.321308, 0.34006, 0.305276, 0.274324, 0.365157, 0.249917, 0.523806, 0.524935, 0.388756, 0.418703, 0.431439, 0.359478, 0.485888, 0.412432, 0.406539, 0.479682, 0.356706, 0.435176, 0.463659, 0.615551, 0.541193, 0.558759, 0.562914, 0.709608, 0.634682, 0.524981, 0.515589, 0.683733, 0.675722, 0.655155, 0.597739, 0.748816, 0.644976, 0.580205, 0.410664, 0.334006, 0.401281, 0.47189, 0.532081, 0.504111, 0.418613, 0.346689, 0.300854, 0.440395, 0.27535, 0.39782, 0.322036, 0.361275, 0.419772, 0.481812, 0.361351, 0.189874, 0.257553, 0.239318, 0.106414, 0.151816, 0.14265, 0.136587, 0.109288, 0.161024, 0.0990448, 0.151332, 0.0943803, 0.132977, 0.103397, 0.0772488, 0.0621055, 0.0300126, 0.0301538, 0.0263048, 0.0116911, 0.00196025, 0.00137968, 0, 0, 0, 0, 0, 0, 0, 0, 0, 0, 0, 0, 0, 0, 0, 0, 0, 0, 0, 0, 0, 0, 0, 0
		83, 0.615824, 0.622507, 0.61277, 0.561463, 0.63985, 0.641362, 0.604525, 0.722847, 0.658561, 0.533633, 0.667448, 0.841592, 0.456891, 0.60346, 0.599203, 0.452668, 0.487205, 0.45587, 0.440919, 0.569468, 0.513534, 0.342934, 0.315147, 0.359358, 0.443646, 0.472113, 0.477485, 0.429962, 0.292656, 0.323889, 0.199949, 0.208235, 0.262587, 0.386824, 0.192929, 0.230019, 0.238953, 0.137206, 0.186008, 0.259819, 0.378275, 0.381624, 0.601781, 0.343917, 0.363841, 0.479113, 0.311574, 0.300284, 0.281376, 0.219663, 0.268562, 0.468459, 0.275808, 0.407153, 0.468259, 0.53604, 0.534855, 0.386809, 0.48842, 0.529293, 0.46433, 0.13205, 0.237784, 0.118346, 0.121644, 0.0787032, 0.0605623, 0.0756165, 0.0708771, 0.161455, 0.138716, 0.366771, 0.306388, 0.153671, 0.0620746, 0.0526714, 0.0153842, 0.00877058, 0.00103055, 0.00836259, 0.00746269, 0, 0, 0.00106123, 0.00934334, 0.00479302, 0.00373297, 0.0053665, 0, 0, 0, 0, 0, 0, 0, 0, 0, 0, 0, 0
}
Iter No. 1 silhouette evaluation = 0.161764

Iteration No. 2 Means = 
{
		551, 0.329334, 0.352137, 0.263883, 0.321308, 0.34006, 0.305276, 0.274324, 0.365157, 0.249917, 0.523806, 0.524935, 0.388756, 0.418703, 0.431439, 0.359478, 0.485888, 0.412432, 0.406539, 0.479682, 0.356706, 0.435176, 0.463659, 0.615551, 0.541193, 0.558759, 0.562914, 0.709608, 0.634682, 0.524981, 0.515589, 0.683733, 0.675722, 0.655155, 0.597739, 0.748816, 0.644976, 0.580205, 0.410664, 0.334006, 0.401281, 0.47189, 0.532081, 0.504111, 0.418613, 0.346689, 0.300854, 0.440395, 0.27535, 0.39782, 0.322036, 0.361275, 0.419772, 0.481812, 0.361351, 0.189874, 0.257553, 0.239318, 0.106414, 0.151816, 0.14265, 0.136587, 0.109288, 0.161024, 0.0990448, 0.151332, 0.0943803, 0.132977, 0.103397, 0.0772488, 0.0621055, 0.0300126, 0.0301538, 0.0263048, 0.0116911, 0.00196025, 0.00137968, 0, 0, 0, 0, 0, 0, 0, 0, 0, 0, 0, 0, 0, 0, 0, 0, 0, 0, 0, 0, 0, 0, 0, 0
		5364, 0.118252, 0.14416, 0.0482453, 0.0812675, 0.232109, 0.20013, 0.314593, 0.0676622, 0.121688, 0.0574387, 0.0414358, 0.0272998, 0.0636214, 0.0518044, 0.0552577, 0.0347651, 0.0219316, 0.106362, 0.0842954, 0.141247, 0.255833, 0.102979, 0.00771487, 0.123942, 0.318063, 0.109867, 0.290636, 0.154099, 0.240145, 0.260026, 0.272051, 0.169427, 0.11716, 0.297942, 0.246383, 0.0974742, 0.251128, 0.14569, 0.236359, 0.416743, 0.520404, 0.51262, 0.495953, 0.474136, 0.893477, 0.678588, 0.69203, 0.887047, 0.523441, 0.75459, 0.85669, 1, 0.901632, 0.927878, 0.984079, 0.916019, 0.975639, 0.865976, 0.92443, 0.691718, 0.690335, 0.555152, 0.742327, 0.435832, 0.550883, 0.434104, 0.500735, 0.549866, 0.366776, 0.438502, 0.264954, 0.295617, 0.238935, 0.264866, 0.241846, 0.336291, 0.319552, 0.612171, 0.520727, 0.230802, 0.265731, 0.42974, 0.211623, 0.173923, 0.129001, 0.164409, 0.293887, 0.242325, 0.173754, 0.197573, 0.284184, 0.286966, 0.13899, 0, 0, 0, 0, 0, 0, 0
}
Iter No. 2 silhouette evaluation = 0.441648

Iteration No. 3 Means = 
{
		551, 0.329334, 0.352137, 0.263883, 0.321308, 0.34006, 0.305276, 0.274324, 0.365157, 0.249917, 0.523806, 0.524935, 0.388756, 0.418703, 0.431439, 0.359478, 0.485888, 0.412432, 0.406539, 0.479682, 0.356706, 0.435176, 0.463659, 0.615551, 0.541193, 0.558759, 0.562914, 0.709608, 0.634682, 0.524981, 0.515589, 0.683733, 0.675722, 0.655155, 0.597739, 0.748816, 0.644976, 0.580205, 0.410664, 0.334006, 0.401281, 0.47189, 0.532081, 0.504111, 0.418613, 0.346689, 0.300854, 0.440395, 0.27535, 0.39782, 0.322036, 0.361275, 0.419772, 0.481812, 0.361351, 0.189874, 0.257553, 0.239318, 0.106414, 0.151816, 0.14265, 0.136587, 0.109288, 0.161024, 0.0990448, 0.151332, 0.0943803, 0.132977, 0.103397, 0.0772488, 0.0621055, 0.0300126, 0.0301538, 0.0263048, 0.0116911, 0.00196025, 0.00137968, 0, 0, 0, 0, 0, 0, 0, 0, 0, 0, 0, 0, 0, 0, 0, 0, 0, 0, 0, 0, 0, 0, 0, 0
		5350, 0.194801, 0.0962013, 0.0733582, 0.0471876, 0.224876, 0.399425, 0.136261, 0.131741, 0.0949911, 0.0692652, 0.0452414, 0.0624071, 0.0592086, 0.0441315, 0.0178969, 0.0580964, 0.0966798, 0.0730624, 0.145021, 0.154804, 0.160613, 0.0605748, 0.0451267, 0.265253, 0.150512, 0.129786, 0.224582, 0.209547, 0.260155, 0.286715, 0.326222, 0.118907, 0.162838, 0.35744, 0.192378, 0.0595383, 0.231501, 0.237234, 0.201667, 0.486661, 0.391303, 0.6227, 0.445613, 0.836261, 0.555, 0.740394, 0.754072, 0.775073, 0.500409, 0.770645, 0.872582, 0.970917, 0.888686, 0.890632, 1, 0.944383, 0.896958, 0.727087, 0.933717, 0.682303, 0.703391, 0.548318, 0.751346, 0.392148, 0.533122, 0.47231, 0.472188, 0.529786, 0.39768, 0.408614, 0.291946, 0.273925, 0.248476, 0.225599, 0.279989, 0.353145, 0.308218, 0.618403, 0.44184, 0.299365, 0.295877, 0.340807, 0.263969, 0.1792, 0.100515, 0.221603, 0.273961, 0.285049, 0.158653, 0.221918, 0.278761, 0.299204, 0.171811, 0, 0, 0, 0, 0, 0, 0
}
Iter No. 3 silhouette evaluation = 0.441556

Iteration No. 4 Means = 
{
		551, 0.329334, 0.352137, 0.263883, 0.321308, 0.34006, 0.305276, 0.274324, 0.365157, 0.249917, 0.523806, 0.524935, 0.388756, 0.418703, 0.431439, 0.359478, 0.485888, 0.412432, 0.406539, 0.479682, 0.356706, 0.435176, 0.463659, 0.615551, 0.541193, 0.558759, 0.562914, 0.709608, 0.634682, 0.524981, 0.515589, 0.683733, 0.675722, 0.655155, 0.597739, 0.748816, 0.644976, 0.580205, 0.410664, 0.334006, 0.401281, 0.47189, 0.532081, 0.504111, 0.418613, 0.346689, 0.300854, 0.440395, 0.27535, 0.39782, 0.322036, 0.361275, 0.419772, 0.481812, 0.361351, 0.189874, 0.257553, 0.239318, 0.106414, 0.151816, 0.14265, 0.136587, 0.109288, 0.161024, 0.0990448, 0.151332, 0.0943803, 0.132977, 0.103397, 0.0772488, 0.0621055, 0.0300126, 0.0301538, 0.0263048, 0.0116911, 0.00196025, 0.00137968, 0, 0, 0, 0, 0, 0, 0, 0, 0, 0, 0, 0, 0, 0, 0, 0, 0, 0, 0, 0, 0, 0, 0, 0
		5350, 0.194801, 0.0962013, 0.0733582, 0.0471876, 0.224876, 0.399425, 0.136261, 0.131741, 0.0949911, 0.0692652, 0.0452414, 0.0624071, 0.0592086, 0.0441315, 0.0178969, 0.0580964, 0.0966798, 0.0730624, 0.145021, 0.154804, 0.160613, 0.0605748, 0.0451267, 0.265253, 0.150512, 0.129786, 0.224582, 0.209547, 0.260155, 0.286715, 0.326222, 0.118907, 0.162838, 0.35744, 0.192378, 0.0595383, 0.231501, 0.237234, 0.201667, 0.486661, 0.391303, 0.6227, 0.445613, 0.836261, 0.555, 0.740394, 0.754072, 0.775073, 0.500409, 0.770645, 0.872582, 0.970917, 0.888686, 0.890632, 1, 0.944383, 0.896958, 0.727087, 0.933717, 0.682303, 0.703391, 0.548318, 0.751346, 0.392148, 0.533122, 0.47231, 0.472188, 0.529786, 0.39768, 0.408614, 0.291946, 0.273925, 0.248476, 0.225599, 0.279989, 0.353145, 0.308218, 0.618403, 0.44184, 0.299365, 0.295877, 0.340807, 0.263969, 0.1792, 0.100515, 0.221603, 0.273961, 0.285049, 0.158653, 0.221918, 0.278761, 0.299204, 0.171811, 0, 0, 0, 0, 0, 0, 0
}
Iter No. 4 silhouette evaluation = 0.441556

Iteration No. 5 Means = 
{
		551, 0.329334, 0.352137, 0.263883, 0.321308, 0.34006, 0.305276, 0.274324, 0.365157, 0.249917, 0.523806, 0.524935, 0.388756, 0.418703, 0.431439, 0.359478, 0.485888, 0.412432, 0.406539, 0.479682, 0.356706, 0.435176, 0.463659, 0.615551, 0.541193, 0.558759, 0.562914, 0.709608, 0.634682, 0.524981, 0.515589, 0.683733, 0.675722, 0.655155, 0.597739, 0.748816, 0.644976, 0.580205, 0.410664, 0.334006, 0.401281, 0.47189, 0.532081, 0.504111, 0.418613, 0.346689, 0.300854, 0.440395, 0.27535, 0.39782, 0.322036, 0.361275, 0.419772, 0.481812, 0.361351, 0.189874, 0.257553, 0.239318, 0.106414, 0.151816, 0.14265, 0.136587, 0.109288, 0.161024, 0.0990448, 0.151332, 0.0943803, 0.132977, 0.103397, 0.0772488, 0.0621055, 0.0300126, 0.0301538, 0.0263048, 0.0116911, 0.00196025, 0.00137968, 0, 0, 0, 0, 0, 0, 0, 0, 0, 0, 0, 0, 0, 0, 0, 0, 0, 0, 0, 0, 0, 0, 0, 0
		5350, 0.194801, 0.0962013, 0.0733582, 0.0471876, 0.224876, 0.399425, 0.136261, 0.131741, 0.0949911, 0.0692652, 0.0452414, 0.0624071, 0.0592086, 0.0441315, 0.0178969, 0.0580964, 0.0966798, 0.0730624, 0.145021, 0.154804, 0.160613, 0.0605748, 0.0451267, 0.265253, 0.150512, 0.129786, 0.224582, 0.209547, 0.260155, 0.286715, 0.326222, 0.118907, 0.162838, 0.35744, 0.192378, 0.0595383, 0.231501, 0.237234, 0.201667, 0.486661, 0.391303, 0.6227, 0.445613, 0.836261, 0.555, 0.740394, 0.754072, 0.775073, 0.500409, 0.770645, 0.872582, 0.970917, 0.888686, 0.890632, 1, 0.944383, 0.896958, 0.727087, 0.933717, 0.682303, 0.703391, 0.548318, 0.751346, 0.392148, 0.533122, 0.47231, 0.472188, 0.529786, 0.39768, 0.408614, 0.291946, 0.273925, 0.248476, 0.225599, 0.279989, 0.353145, 0.308218, 0.618403, 0.44184, 0.299365, 0.295877, 0.340807, 0.263969, 0.1792, 0.100515, 0.221603, 0.273961, 0.285049, 0.158653, 0.221918, 0.278761, 0.299204, 0.171811, 0, 0, 0, 0, 0, 0, 0
}
Iter No. 5 silhouette evaluation = 0.441556

Iteration No. 6 Means = 
{
		551, 0.329334, 0.352137, 0.263883, 0.321308, 0.34006, 0.305276, 0.274324, 0.365157, 0.249917, 0.523806, 0.524935, 0.388756, 0.418703, 0.431439, 0.359478, 0.485888, 0.412432, 0.406539, 0.479682, 0.356706, 0.435176, 0.463659, 0.615551, 0.541193, 0.558759, 0.562914, 0.709608, 0.634682, 0.524981, 0.515589, 0.683733, 0.675722, 0.655155, 0.597739, 0.748816, 0.644976, 0.580205, 0.410664, 0.334006, 0.401281, 0.47189, 0.532081, 0.504111, 0.418613, 0.346689, 0.300854, 0.440395, 0.27535, 0.39782, 0.322036, 0.361275, 0.419772, 0.481812, 0.361351, 0.189874, 0.257553, 0.239318, 0.106414, 0.151816, 0.14265, 0.136587, 0.109288, 0.161024, 0.0990448, 0.151332, 0.0943803, 0.132977, 0.103397, 0.0772488, 0.0621055, 0.0300126, 0.0301538, 0.0263048, 0.0116911, 0.00196025, 0.00137968, 0, 0, 0, 0, 0, 0, 0, 0, 0, 0, 0, 0, 0, 0, 0, 0, 0, 0, 0, 0, 0, 0, 0, 0
		5350, 0.194801, 0.0962013, 0.0733582, 0.0471876, 0.224876, 0.399425, 0.136261, 0.131741, 0.0949911, 0.0692652, 0.0452414, 0.0624071, 0.0592086, 0.0441315, 0.0178969, 0.0580964, 0.0966798, 0.0730624, 0.145021, 0.154804, 0.160613, 0.0605748, 0.0451267, 0.265253, 0.150512, 0.129786, 0.224582, 0.209547, 0.260155, 0.286715, 0.326222, 0.118907, 0.162838, 0.35744, 0.192378, 0.0595383, 0.231501, 0.237234, 0.201667, 0.486661, 0.391303, 0.6227, 0.445613, 0.836261, 0.555, 0.740394, 0.754072, 0.775073, 0.500409, 0.770645, 0.872582, 0.970917, 0.888686, 0.890632, 1, 0.944383, 0.896958, 0.727087, 0.933717, 0.682303, 0.703391, 0.548318, 0.751346, 0.392148, 0.533122, 0.47231, 0.472188, 0.529786, 0.39768, 0.408614, 0.291946, 0.273925, 0.248476, 0.225599, 0.279989, 0.353145, 0.308218, 0.618403, 0.44184, 0.299365, 0.295877, 0.340807, 0.263969, 0.1792, 0.100515, 0.221603, 0.273961, 0.285049, 0.158653, 0.221918, 0.278761, 0.299204, 0.171811, 0, 0, 0, 0, 0, 0, 0
}
Iter No. 6 silhouette evaluation = 0.441556

Iteration No. 7 Means = 
{
		551, 0.329334, 0.352137, 0.263883, 0.321308, 0.34006, 0.305276, 0.274324, 0.365157, 0.249917, 0.523806, 0.524935, 0.388756, 0.418703, 0.431439, 0.359478, 0.485888, 0.412432, 0.406539, 0.479682, 0.356706, 0.435176, 0.463659, 0.615551, 0.541193, 0.558759, 0.562914, 0.709608, 0.634682, 0.524981, 0.515589, 0.683733, 0.675722, 0.655155, 0.597739, 0.748816, 0.644976, 0.580205, 0.410664, 0.334006, 0.401281, 0.47189, 0.532081, 0.504111, 0.418613, 0.346689, 0.300854, 0.440395, 0.27535, 0.39782, 0.322036, 0.361275, 0.419772, 0.481812, 0.361351, 0.189874, 0.257553, 0.239318, 0.106414, 0.151816, 0.14265, 0.136587, 0.109288, 0.161024, 0.0990448, 0.151332, 0.0943803, 0.132977, 0.103397, 0.0772488, 0.0621055, 0.0300126, 0.0301538, 0.0263048, 0.0116911, 0.00196025, 0.00137968, 0, 0, 0, 0, 0, 0, 0, 0, 0, 0, 0, 0, 0, 0, 0, 0, 0, 0, 0, 0, 0, 0, 0, 0
		5350, 0.194801, 0.0962013, 0.0733582, 0.0471876, 0.224876, 0.399425, 0.136261, 0.131741, 0.0949911, 0.0692652, 0.0452414, 0.0624071, 0.0592086, 0.0441315, 0.0178969, 0.0580964, 0.0966798, 0.0730624, 0.145021, 0.154804, 0.160613, 0.0605748, 0.0451267, 0.265253, 0.150512, 0.129786, 0.224582, 0.209547, 0.260155, 0.286715, 0.326222, 0.118907, 0.162838, 0.35744, 0.192378, 0.0595383, 0.231501, 0.237234, 0.201667, 0.486661, 0.391303, 0.6227, 0.445613, 0.836261, 0.555, 0.740394, 0.754072, 0.775073, 0.500409, 0.770645, 0.872582, 0.970917, 0.888686, 0.890632, 1, 0.944383, 0.896958, 0.727087, 0.933717, 0.682303, 0.703391, 0.548318, 0.751346, 0.392148, 0.533122, 0.47231, 0.472188, 0.529786, 0.39768, 0.408614, 0.291946, 0.273925, 0.248476, 0.225599, 0.279989, 0.353145, 0.308218, 0.618403, 0.44184, 0.299365, 0.295877, 0.340807, 0.263969, 0.1792, 0.100515, 0.221603, 0.273961, 0.285049, 0.158653, 0.221918, 0.278761, 0.299204, 0.171811, 0, 0, 0, 0, 0, 0, 0
}
Iter No. 7 silhouette evaluation = 0.441556

Iteration No. 8 Means = 
{
		551, 0.329334, 0.352137, 0.263883, 0.321308, 0.34006, 0.305276, 0.274324, 0.365157, 0.249917, 0.523806, 0.524935, 0.388756, 0.418703, 0.431439, 0.359478, 0.485888, 0.412432, 0.406539, 0.479682, 0.356706, 0.435176, 0.463659, 0.615551, 0.541193, 0.558759, 0.562914, 0.709608, 0.634682, 0.524981, 0.515589, 0.683733, 0.675722, 0.655155, 0.597739, 0.748816, 0.644976, 0.580205, 0.410664, 0.334006, 0.401281, 0.47189, 0.532081, 0.504111, 0.418613, 0.346689, 0.300854, 0.440395, 0.27535, 0.39782, 0.322036, 0.361275, 0.419772, 0.481812, 0.361351, 0.189874, 0.257553, 0.239318, 0.106414, 0.151816, 0.14265, 0.136587, 0.109288, 0.161024, 0.0990448, 0.151332, 0.0943803, 0.132977, 0.103397, 0.0772488, 0.0621055, 0.0300126, 0.0301538, 0.0263048, 0.0116911, 0.00196025, 0.00137968, 0, 0, 0, 0, 0, 0, 0, 0, 0, 0, 0, 0, 0, 0, 0, 0, 0, 0, 0, 0, 0, 0, 0, 0
		5350, 0.194801, 0.0962013, 0.0733582, 0.0471876, 0.224876, 0.399425, 0.136261, 0.131741, 0.0949911, 0.0692652, 0.0452414, 0.0624071, 0.0592086, 0.0441315, 0.0178969, 0.0580964, 0.0966798, 0.0730624, 0.145021, 0.154804, 0.160613, 0.0605748, 0.0451267, 0.265253, 0.150512, 0.129786, 0.224582, 0.209547, 0.260155, 0.286715, 0.326222, 0.118907, 0.162838, 0.35744, 0.192378, 0.0595383, 0.231501, 0.237234, 0.201667, 0.486661, 0.391303, 0.6227, 0.445613, 0.836261, 0.555, 0.740394, 0.754072, 0.775073, 0.500409, 0.770645, 0.872582, 0.970917, 0.888686, 0.890632, 1, 0.944383, 0.896958, 0.727087, 0.933717, 0.682303, 0.703391, 0.548318, 0.751346, 0.392148, 0.533122, 0.47231, 0.472188, 0.529786, 0.39768, 0.408614, 0.291946, 0.273925, 0.248476, 0.225599, 0.279989, 0.353145, 0.308218, 0.618403, 0.44184, 0.299365, 0.295877, 0.340807, 0.263969, 0.1792, 0.100515, 0.221603, 0.273961, 0.285049, 0.158653, 0.221918, 0.278761, 0.299204, 0.171811, 0, 0, 0, 0, 0, 0, 0
}
Iter No. 8 silhouette evaluation = 0.441556

Iteration No. 9 Means = 
{
		551, 0.329334, 0.352137, 0.263883, 0.321308, 0.34006, 0.305276, 0.274324, 0.365157, 0.249917, 0.523806, 0.524935, 0.388756, 0.418703, 0.431439, 0.359478, 0.485888, 0.412432, 0.406539, 0.479682, 0.356706, 0.435176, 0.463659, 0.615551, 0.541193, 0.558759, 0.562914, 0.709608, 0.634682, 0.524981, 0.515589, 0.683733, 0.675722, 0.655155, 0.597739, 0.748816, 0.644976, 0.580205, 0.410664, 0.334006, 0.401281, 0.47189, 0.532081, 0.504111, 0.418613, 0.346689, 0.300854, 0.440395, 0.27535, 0.39782, 0.322036, 0.361275, 0.419772, 0.481812, 0.361351, 0.189874, 0.257553, 0.239318, 0.106414, 0.151816, 0.14265, 0.136587, 0.109288, 0.161024, 0.0990448, 0.151332, 0.0943803, 0.132977, 0.103397, 0.0772488, 0.0621055, 0.0300126, 0.0301538, 0.0263048, 0.0116911, 0.00196025, 0.00137968, 0, 0, 0, 0, 0, 0, 0, 0, 0, 0, 0, 0, 0, 0, 0, 0, 0, 0, 0, 0, 0, 0, 0, 0
		5350, 0.194801, 0.0962013, 0.0733582, 0.0471876, 0.224876, 0.399425, 0.136261, 0.131741, 0.0949911, 0.0692652, 0.0452414, 0.0624071, 0.0592086, 0.0441315, 0.0178969, 0.0580964, 0.0966798, 0.0730624, 0.145021, 0.154804, 0.160613, 0.0605748, 0.0451267, 0.265253, 0.150512, 0.129786, 0.224582, 0.209547, 0.260155, 0.286715, 0.326222, 0.118907, 0.162838, 0.35744, 0.192378, 0.0595383, 0.231501, 0.237234, 0.201667, 0.486661, 0.391303, 0.6227, 0.445613, 0.836261, 0.555, 0.740394, 0.754072, 0.775073, 0.500409, 0.770645, 0.872582, 0.970917, 0.888686, 0.890632, 1, 0.944383, 0.896958, 0.727087, 0.933717, 0.682303, 0.703391, 0.548318, 0.751346, 0.392148, 0.533122, 0.47231, 0.472188, 0.529786, 0.39768, 0.408614, 0.291946, 0.273925, 0.248476, 0.225599, 0.279989, 0.353145, 0.308218, 0.618403, 0.44184, 0.299365, 0.295877, 0.340807, 0.263969, 0.1792, 0.100515, 0.221603, 0.273961, 0.285049, 0.158653, 0.221918, 0.278761, 0.299204, 0.171811, 0, 0, 0, 0, 0, 0, 0
}
Iter No. 9 silhouette evaluation = 0.441556

Iteration No. 10 Means = 
{
		551, 0.329334, 0.352137, 0.263883, 0.321308, 0.34006, 0.305276, 0.274324, 0.365157, 0.249917, 0.523806, 0.524935, 0.388756, 0.418703, 0.431439, 0.359478, 0.485888, 0.412432, 0.406539, 0.479682, 0.356706, 0.435176, 0.463659, 0.615551, 0.541193, 0.558759, 0.562914, 0.709608, 0.634682, 0.524981, 0.515589, 0.683733, 0.675722, 0.655155, 0.597739, 0.748816, 0.644976, 0.580205, 0.410664, 0.334006, 0.401281, 0.47189, 0.532081, 0.504111, 0.418613, 0.346689, 0.300854, 0.440395, 0.27535, 0.39782, 0.322036, 0.361275, 0.419772, 0.481812, 0.361351, 0.189874, 0.257553, 0.239318, 0.106414, 0.151816, 0.14265, 0.136587, 0.109288, 0.161024, 0.0990448, 0.151332, 0.0943803, 0.132977, 0.103397, 0.0772488, 0.0621055, 0.0300126, 0.0301538, 0.0263048, 0.0116911, 0.00196025, 0.00137968, 0, 0, 0, 0, 0, 0, 0, 0, 0, 0, 0, 0, 0, 0, 0, 0, 0, 0, 0, 0, 0, 0, 0, 0
		5350, 0.194801, 0.0962013, 0.0733582, 0.0471876, 0.224876, 0.399425, 0.136261, 0.131741, 0.0949911, 0.0692652, 0.0452414, 0.0624071, 0.0592086, 0.0441315, 0.0178969, 0.0580964, 0.0966798, 0.0730624, 0.145021, 0.154804, 0.160613, 0.0605748, 0.0451267, 0.265253, 0.150512, 0.129786, 0.224582, 0.209547, 0.260155, 0.286715, 0.326222, 0.118907, 0.162838, 0.35744, 0.192378, 0.0595383, 0.231501, 0.237234, 0.201667, 0.486661, 0.391303, 0.6227, 0.445613, 0.836261, 0.555, 0.740394, 0.754072, 0.775073, 0.500409, 0.770645, 0.872582, 0.970917, 0.888686, 0.890632, 1, 0.944383, 0.896958, 0.727087, 0.933717, 0.682303, 0.703391, 0.548318, 0.751346, 0.392148, 0.533122, 0.47231, 0.472188, 0.529786, 0.39768, 0.408614, 0.291946, 0.273925, 0.248476, 0.225599, 0.279989, 0.353145, 0.308218, 0.618403, 0.44184, 0.299365, 0.295877, 0.340807, 0.263969, 0.1792, 0.100515, 0.221603, 0.273961, 0.285049, 0.158653, 0.221918, 0.278761, 0.299204, 0.171811, 0, 0, 0, 0, 0, 0, 0
}
Iter No. 10 silhouette evaluation = 0.441556

Best Iterations Time = 2
Best Silhouette Value = 0.441648
